30 feasible starts, 1037s; top values: [np.float64(1.77600994), np.float64(1.77600994), np.float64(1.77600994), np.float64(1.77600994), np.float64(1.77600994), np.float64(1.77600994), np.float64(1.77600994), np.float64(1.77539759), np.float64(1.77537255), np.float64(1.77537255)]
best gamma = np.float64(1.7760099429996636)  active: [(12, 1.776009943), (16, 1.776009943), (8, 1.776009943), (4, 1.776009943), (9, 1.776009943), (5, 1.7761430373), (6, 1.7769209484), (22, 1.7783139255)]
Gram:
 [[ 1.         -0.3307816   0.57720161 -0.43245441 -0.8139656 ]
 [-0.3307816   1.         -0.59255829 -0.67842267  0.60176256]
 [ 0.57720161 -0.59255829  1.         -0.04298464 -0.94165867]
 [-0.43245441 -0.67842267 -0.04298464  1.          0.15386172]
 [-0.8139656   0.60176256 -0.94165867  0.15386172  1.        ]]
n:
 [[-0.12337726 -0.95976397  0.25225219]
 [ 0.88266315  0.32133333  0.34300243]
 [-0.14789031 -0.75140161 -0.64305838]
 [-0.82536194  0.47749771 -0.3012866 ]
 [ 0.21396636  0.91233454  0.34909036]]
