32 feasible starts, 1122s; top values: [np.float64(1.77600994), np.float64(1.77600994), np.float64(1.77600994), np.float64(1.77600994), np.float64(1.77600994), np.float64(1.77600994), np.float64(1.77537255), np.float64(1.77537255), np.float64(1.77537255), np.float64(1.77537255)]
best gamma = np.float64(1.7760099429996634)  active: [(12, 1.776009943), (16, 1.776009943), (8, 1.776009943), (4, 1.776009943), (9, 1.776009943), (5, 1.7761430373), (6, 1.7769209484), (22, 1.7783139255)]
Gram:
 [[ 1.         -0.3307816  -0.59255829  0.60176256 -0.67842267]
 [-0.3307816   1.          0.57720161 -0.8139656  -0.43245441]
 [-0.59255829  0.57720161  1.         -0.94165867 -0.04298464]
 [ 0.60176256 -0.8139656  -0.94165867  1.          0.15386172]
 [-0.67842267 -0.43245441 -0.04298464  0.15386172  1.        ]]
n:
 [[ 0.03816639 -0.82035374 -0.57058134]
 [-0.20593988 -0.26211426  0.94280692]
 [-0.78699334  0.31797088  0.52871164]
 [ 0.60815839 -0.16521318 -0.77643285]
 [ 0.34660844  0.92971031 -0.12450437]]
