30 feasible starts, 1114s; top values: [np.float64(1.77600994), np.float64(1.77600994), np.float64(1.77600994), np.float64(1.77600994), np.float64(1.77600994), np.float64(1.77600994), np.float64(1.77589251), np.float64(1.77537255), np.float64(1.77537255), np.float64(1.77537255)]
best gamma = np.float64(1.7760099429996636)  active: [(12, 1.776009943), (16, 1.776009943), (8, 1.776009943), (4, 1.776009943), (9, 1.776009943), (5, 1.7761430373), (6, 1.7769209484), (22, 1.7783139255)]
Gram:
 [[ 1.          0.57720161 -0.59255829 -0.04298464 -0.94165867]
 [ 0.57720161  1.         -0.3307816  -0.43245441 -0.8139656 ]
 [-0.59255829 -0.3307816   1.         -0.67842267  0.60176256]
 [-0.04298464 -0.43245441 -0.67842267  1.          0.15386172]
 [-0.94165867 -0.8139656   0.60176256  0.15386172  1.        ]]
n:
 [[ 0.57686824  0.15427934  0.80213522]
 [-0.28329291 -0.13560564  0.94939783]
 [-0.60396756  0.66908861 -0.43306307]
 [ 0.62243616 -0.69054324 -0.36840638]
 [-0.31204393  0.00278093 -0.9500636 ]]
