24 feasible starts, 830s; top values: [np.float64(1.77600994), np.float64(1.77600994), np.float64(1.77600994), np.float64(1.77600994), np.float64(1.77600994), np.float64(1.77537255), np.float64(1.77537255), np.float64(1.77537255), np.float64(1.77537255), np.float64(1.77537255)]
best gamma = np.float64(1.7760099429996636)  active: [(12, 1.776009943), (16, 1.776009943), (8, 1.776009943), (4, 1.776009943), (9, 1.776009943), (5, 1.7761430373), (6, 1.7769209484), (22, 1.7783139255)]
Gram:
 [[ 1.         -0.8139656   0.60176256  0.15386172 -0.94165867]
 [-0.8139656   1.         -0.3307816  -0.43245441  0.57720161]
 [ 0.60176256 -0.3307816   1.         -0.67842267 -0.59255829]
 [ 0.15386172 -0.43245441 -0.67842267  1.         -0.04298464]
 [-0.94165867  0.57720161 -0.59255829 -0.04298464  1.        ]]
n:
 [[-0.22399835  0.75288362 -0.61886266]
 [-0.29104143 -0.89921922  0.32664918]
 [ 0.04324108 -0.00904521 -0.99902372]
 [-0.04973715  0.74048635  0.67022846]
 [ 0.52153585 -0.58510554  0.62100875]]
