34 feasible starts, 1467s; top values: [np.float64(1.77600994), np.float64(1.77600994), np.float64(1.77600994), np.float64(1.77600994), np.float64(1.77600994), np.float64(1.77600994), np.float64(1.77600994), np.float64(1.77600994), np.float64(1.77600994), np.float64(1.77537255)]
best gamma = np.float64(1.7760099429996634)  active: [(12, 1.776009943), (16, 1.776009943), (8, 1.776009943), (9, 1.776009943), (4, 1.776009943), (5, 1.7761430373), (6, 1.7769209484), (22, 1.7783139255)]
Gram:
 [[ 1.         -0.43245441 -0.04298464 -0.67842267  0.15386172]
 [-0.43245441  1.          0.57720161 -0.3307816  -0.8139656 ]
 [-0.04298464  0.57720161  1.         -0.59255829 -0.94165867]
 [-0.67842267 -0.3307816  -0.59255829  1.          0.60176256]
 [ 0.15386172 -0.8139656  -0.94165867  0.60176256  1.        ]]
n:
 [[ 0.31079896  0.10350706  0.94482289]
 [ 0.29324604  0.71673388 -0.63269211]
 [ 0.92607495  0.10700559 -0.36184941]
 [-0.74184341 -0.52559662 -0.41643312]
 [-0.78827654 -0.4016499   0.46615175]]
